5e+6 6e+40 1.0
Foo 2e+4 -10e+6 -10e+6 -12e6 16e6
Bar 2e+4 10e+6 10e+6 12e6 -16e6
30 1000
2e1 10e6 10e6 -3.7e6 13.652e6
2e1 10e6 10e6 5.844e6 -1.406e6
2e1 10e6 10e6 -14.087e6 -2.441e6
2e1 10e6 10e6 -10.473e6 -14.786e6
2e1 10e6 10e6 7.143e6 -11.003e6
2e1 10e6 10e6 -8.267e6 -7.07e6
2e1 10e6 10e6 -12.324e6 6.536e6
2e1 10e6 10e6 -1.57e6 -4.576e6
2e1 10e6 10e6 -0.066e6 5.673e6
2e1 10e6 10e6 12.858e6 2.704e6
2e1 10e6 10e6 2.9e6 -14.547e6
2e1 10e6 10e6 -4.965e6 3.129e6
2e1 10e6 10e6 -0.808e6 5.197e6
2e1 10e6 10e6 -15.457e6 6.889e6
2e1 10e6 10e6 0.573e6 -0.536e6
2e1 10e6 10e6 15.403e6 -12.941e6
2e1 10e6 10e6 -14.923e6 -2.704e6
2e1 10e6 10e6 8.354e6 7.011e6
2e1 10e6 10e6 3.298e6 15.61e6
2e1 10e6 10e6 -9.343e6 -9.537e6
2e1 10e6 10e6 0.037e6 -0.483e6
2e1 10e6 10e6 11.721e6 15.522e6
2e1 10e6 10e6 -3.807e6 -7.235e6
2e1 10e6 10e6 5.627e6 15.116e6
2e1 10e6 10e6 6.088e6 8.457e6
2e1 10e6 10e6 -3.935e6 15.731e6
2e1 10e6 10e6 12.51e6 -6.858e6
2e1 10e6 10e6 3.451e6 6.502e6
2e1 10e6 10e6 -10.882e6 -14.957e6
2e1 10e6 10e6 -5.208e6 1.916e6
